theta6p
0  0  0  0  0  
0  0  0  0  0.00095  
0  0  0  0  0.0072  
0  0  0  0  0.02295  
0  0  0  0  0.0512  
0  0  0  0  0.09375  
0  0  0  0  0.1512  
0  0  0  0  0.22295  
0  0  0  0  0.3072  
0  0  0  0  0.40095  
0  0  0  0  0.5  
0  0  0  0  0.6  
0  0  0  0  0.7  
0  0  0  0  0.8  
0  0  0  0  0.9  
0  0  0  0  1  
0  0  0  0  1.1  
0  0  0  0  1.2  
0  0  0  0  1.3  
0  0  0  0  1.4  
0  0  0  0  1.5  
0  0  0  0  1.59905  
0  0  0  0  1.6928  
0  0  0  0  1.77705  
0  0  0  0  1.8488  
0  0  0  0  1.90625  
0  0  0  0  1.9488  
0  0  0  0  1.97705  
0  0  0  0  1.9928  
0  0  0  0  1.99905  
0  0  0  0  2  
theta6p
0  0  0  0  2  
0  0  0  0  2.00095  
0  0  0  0  2.0072  
0  0  0  0  2.02295  
0  0  0  0  2.0512  
0  0  0  0  2.09375  
0  0  0  0  2.1512  
0  0  0  0  2.22295  
0  0  0  0  2.3072  
0  0  0  0  2.40095  
0  0  0  0  2.5  
0  0  0  0  2.6  
0  0  0  0  2.7  
0  0  0  0  2.8  
0  0  0  0  2.9  
0  0  0  0  3  
0  0  0  0  3.1  
0  0  0  0  3.2  
0  0  0  0  3.3  
0  0  0  0  3.4  
0  0  0  0  3.5  
0  0  0  0  3.59905  
0  0  0  0  3.6928  
0  0  0  0  3.77705  
0  0  0  0  3.8488  
0  0  0  0  3.90625  
0  0  0  0  3.9488  
0  0  0  0  3.97705  
0  0  0  0  3.9928  
0  0  0  0  3.99905  
0  0  0  0  4  
theta6p
0  0  0  0  4  
0  0  0  0  4.00095  
0  0  0  0  4.0072  
0  0  0  0  4.02295  
0  0  0  0  4.0512  
0  0  0  0  4.09375  
0  0  0  0  4.1512  
0  0  0  0  4.22295  
0  0  0  0  4.3072  
0  0  0  0  4.40095  
0  0  0  0  4.5  
0  0  0  0  4.6  
0  0  0  0  4.7  
0  0  0  0  4.8  
0  0  0  0  4.9  
0  0  0  0  5  
0  0  0  0  5.1  
0  0  0  0  5.2  
0  0  0  0  5.3  
0  0  0  0  5.4  
0  0  0  0  5.5  
0  0  0  0  5.59905  
0  0  0  0  5.6928  
0  0  0  0  5.77705  
0  0  0  0  5.8488  
0  0  0  0  5.90625  
0  0  0  0  5.9488  
0  0  0  0  5.97705  
0  0  0  0  5.9928  
0  0  0  0  5.99905  
0  0  0  0  6  
theta6p
0  0  0  0  6  
0  0  0  0  6.00095  
0  0  0  0  6.0072  
0  0  0  0  6.02295  
0  0  0  0  6.0512  
0  0  0  0  6.09375  
0  0  0  0  6.1512  
0  0  0  0  6.22295  
0  0  0  0  6.3072  
0  0  0  0  6.40095  
0  0  0  0  6.5  
0  0  0  0  6.6  
0  0  0  0  6.7  
0  0  0  0  6.8  
0  0  0  0  6.9  
0  0  0  0  7  
0  0  0  0  7.1  
0  0  0  0  7.2  
0  0  0  0  7.3  
0  0  0  0  7.4  
0  0  0  0  7.5  
0  0  0  0  7.59905  
0  0  0  0  7.6928  
0  0  0  0  7.77705  
0  0  0  0  7.8488  
0  0  0  0  7.90625  
0  0  0  0  7.9488  
0  0  0  0  7.97705  
0  0  0  0  7.9928  
0  0  0  0  7.99905  
0  0  0  0  8  
theta6p
0  0  0  0  8  
0  0  0  0  8.00095  
0  0  0  0  8.0072  
0  0  0  0  8.02295  
0  0  0  0  8.0512  
0  0  0  0  8.09375  
0  0  0  0  8.1512  
0  0  0  0  8.22295  
0  0  0  0  8.3072  
0  0  0  0  8.40095  
0  0  0  0  8.5  
0  0  0  0  8.6  
0  0  0  0  8.7  
0  0  0  0  8.8  
0  0  0  0  8.9  
0  0  0  0  9  
0  0  0  0  9.1  
0  0  0  0  9.2  
0  0  0  0  9.3  
0  0  0  0  9.4  
0  0  0  0  9.5  
0  0  0  0  9.59905  
0  0  0  0  9.6928  
0  0  0  0  9.77705  
0  0  0  0  9.8488  
0  0  0  0  9.90625  
0  0  0  0  9.9488  
0  0  0  0  9.97705  
0  0  0  0  9.9928  
0  0  0  0  9.99905  
0  0  0  0  10  
theta6p
0  0  0  0  10  
0  0  0  0  10.001  
0  0  0  0  10.0072  
0  0  0  0  10.023  
0  0  0  0  10.0512  
0  0  0  0  10.0938  
0  0  0  0  10.1512  
0  0  0  0  10.223  
0  0  0  0  10.3072  
0  0  0  0  10.401  
0  0  0  0  10.5  
0  0  0  0  10.6  
0  0  0  0  10.7  
0  0  0  0  10.8  
0  0  0  0  10.9  
0  0  0  0  11  
0  0  0  0  11.1  
0  0  0  0  11.2  
0  0  0  0  11.3  
0  0  0  0  11.4  
0  0  0  0  11.5  
0  0  0  0  11.5991  
0  0  0  0  11.6928  
0  0  0  0  11.7771  
0  0  0  0  11.8488  
0  0  0  0  11.9063  
0  0  0  0  11.9488  
0  0  0  0  11.9771  
0  0  0  0  11.9928  
0  0  0  0  11.9991  
0  0  0  0  12  
theta6m
0  0  0  0  12  
0  0  0  0  11.9991  
0  0  0  0  11.9928  
0  0  0  0  11.9771  
0  0  0  0  11.9488  
0  0  0  0  11.9063  
0  0  0  0  11.8488  
0  0  0  0  11.7771  
0  0  0  0  11.6928  
0  0  0  0  11.5991  
0  0  0  0  11.5  
0  0  0  0  11.4  
0  0  0  0  11.3  
0  0  0  0  11.2  
0  0  0  0  11.1  
0  0  0  0  11  
0  0  0  0  10.9  
0  0  0  0  10.8  
0  0  0  0  10.7  
0  0  0  0  10.6  
0  0  0  0  10.5  
0  0  0  0  10.401  
0  0  0  0  10.3072  
0  0  0  0  10.223  
0  0  0  0  10.1512  
0  0  0  0  10.0938  
0  0  0  0  10.0512  
0  0  0  0  10.023  
0  0  0  0  10.0072  
0  0  0  0  10.001  
0  0  0  0  10  
theta6p
0  0  0  0  10  
0  0  0  0  10.001  
0  0  0  0  10.0072  
0  0  0  0  10.023  
0  0  0  0  10.0512  
0  0  0  0  10.0938  
0  0  0  0  10.1512  
0  0  0  0  10.223  
0  0  0  0  10.3072  
0  0  0  0  10.401  
0  0  0  0  10.5  
0  0  0  0  10.6  
0  0  0  0  10.7  
0  0  0  0  10.8  
0  0  0  0  10.9  
0  0  0  0  11  
0  0  0  0  11.1  
0  0  0  0  11.2  
0  0  0  0  11.3  
0  0  0  0  11.4  
0  0  0  0  11.5  
0  0  0  0  11.5991  
0  0  0  0  11.6928  
0  0  0  0  11.7771  
0  0  0  0  11.8488  
0  0  0  0  11.9063  
0  0  0  0  11.9488  
0  0  0  0  11.9771  
0  0  0  0  11.9928  
0  0  0  0  11.9991  
0  0  0  0  12  
theta5p
0  0  0  0  12  
0  0  0  0  12  
0  0  0  0  12  
0  0  0  0  12  
0  0  0  0  12  
0  0  0  0  12  
0  0  0  0  12  
0  0  0  0  12  
0  0  0  0  12  
0  0  0  0  12  
0  0  0  0  12  
0  0  0  0  12  
0  0  0  0  12  
0  0  0  0  12  
0  0  0  0  12  
0  0  0  0  12  
0  0  0  0  12  
0  0  0  0  12  
0  0  0  0  12  
0  0  0  0  12  
0  0  0  0  12  
0  0  0  0  12  
0  0  0  0  12  
0  0  0  0  12  
0  0  0  0  12  
0  0  0  0  12  
0  0  0  0  12  
0  0  0  0  12  
0  0  0  0  12  
0  0  0  0  12  
0  0  0  0  12  
theta5p
0  0  0  0  12  
0  0  0  0  12  
0  0  0  0  12  
0  0  0  0  12  
0  0  0  0  12  
0  0  0  0  12  
0  0  0  0  12  
0  0  0  0  12  
0  0  0  0  12  
0  0  0  0  12  
0  0  0  0  12  
0  0  0  0  12  
0  0  0  0  12  
0  0  0  0  12  
0  0  0  0  12  
0  0  0  0  12  
0  0  0  0  12  
0  0  0  0  12  
0  0  0  0  12  
0  0  0  0  12  
0  0  0  0  12  
0  0  0  0  12  
0  0  0  0  12  
0  0  0  0  12  
0  0  0  0  12  
0  0  0  0  12  
0  0  0  0  12  
0  0  0  0  12  
0  0  0  0  12  
0  0  0  0  12  
0  0  0  0  12  
theta6p
0  0  0  0  12  
0  0  0  0  12.001  
0  0  0  0  12.0072  
0  0  0  0  12.0229  
0  0  0  0  12.0512  
0  0  0  0  12.0938  
0  0  0  0  12.1512  
0  0  0  0  12.223  
0  0  0  0  12.3072  
0  0  0  0  12.401  
0  0  0  0  12.5  
0  0  0  0  12.6  
0  0  0  0  12.7  
0  0  0  0  12.8  
0  0  0  0  12.9  
0  0  0  0  13  
0  0  0  0  13.1  
0  0  0  0  13.2  
0  0  0  0  13.3  
0  0  0  0  13.4  
0  0  0  0  13.5  
0  0  0  0  13.5991  
0  0  0  0  13.6928  
0  0  0  0  13.7771  
0  0  0  0  13.8488  
0  0  0  0  13.9063  
0  0  0  0  13.9488  
0  0  0  0  13.9771  
0  0  0  0  13.9928  
0  0  0  0  13.9991  
0  0  0  0  14  
072  
0  0  0  0  6.22295  
0  0  0  0  6.1512  
0  0  0  0  6.09375  
0  0  0  0  6.0512  
0  0  0  0  6.02295  
0  0  0  0  6.0072  
0  0  0  0  6.00095  
0  0  0  0  6  
theta6m
0  0  0  0  6  
0  0  0  0  5.99905  
0  0  0  0  5.9928  
0  0  0  0  5.97705  
0  0  0  0  5.9488  
0  0  0  0  5.90625  
0  0  0  0  5.8488  
0  0  0  0  5.77705  
0  0  0  0  5.6928  
0  0  0  0  5.59905  
0  0  0  0  5.5  
0  0  0  0  5.4  
0  0  0  0  5.3  
0  0  0  0  5.2  
0  0  0  0  5.1  
0  0  0  0  5  
0  0  0  0  4.9  
0  0  0  0  4.8  
0  0  0  0  4.7  
0  0  0  0  4.6  
0  0  0  0  4.5  
0  0  0  0  4.40095  
0  0  0  0  4.3072  
0  0  0  0  4.22295  
0  0  0  0  4.1512  
0  0  0  0  4.09375  
0  0  0  0  4.0512  
0  0  0  0  4.02295  
0  0  0  0  4.0072  
0  0  0  0  4.00095  
0  0  0  0  4  
theta6m
0  0  0  0  4  
0  0  0  0  3.99905  
0  0  0  0  3.9928  
0  0  0  0  3.97705  
0  0  0  0  3.9488  
0  0  0  0  3.90625  
0  0  0  0  3.8488  
0  0  0  0  3.77705  
0  0  0  0  3.6928  
0  0  0  0  3.59905  
0  0  0  0  3.5  
0  0  0  0  3.4  
0  0  0  0  3.3  
0  0  0  0  3.2  
0  0  0  0  3.1  
0  0  0  0  3  
0  0  0  0  2.9  
0  0  0  0  2.8  
0  0  0  0  2.7  
0  0  0  0  2.6  
0  0  0  0  2.5  
0  0  0  0  2.40095  
0  0  0  0  2.3072  
0  0  0  0  2.22295  
0  0  0  0  2.1512  
0  0  0  0  2.09375  
0  0  0  0  2.0512  
0  0  0  0  2.02295  
0  0  0  0  2.0072  
0  0  0  0  2.00095  
0  0  0  0  2  
theta6m
0  0  0  0  2  
0  0  0  0  1.99905  
0  0  0  0  1.9928  
0  0  0  0  1.97705  
0  0  0  0  1.9488  
0  0  0  0  1.90625  
0  0  0  0  1.8488  
0  0  0  0  1.77705  
0  0  0  0  1.6928  
0  0  0  0  1.59905  
0  0  0  0  1.5  
0  0  0  0  1.4  
0  0  0  0  1.3  
0  0  0  0  1.2  
0  0  0  0  1.1  
0  0  0  0  1  
0  0  0  0  0.9  
0  0  0  0  0.8  
0  0  0  0  0.7  
0  0  0  0  0.6  
0  0  0  0  0.5  
0  0  0  0  0.40095  
0  0  0  0  0.3072  
0  0  0  0  0.22295  
0  0  0  0  0.1512  
0  0  0  0  0.09375  
0  0  0  0  0.0512  
0  0  0  0  0.02295  
0  0  0  0  0.0072  
0  0  0  0  0.00095  
0  0  0  0  5.96354e-16  
.98785e-16  0  0.02295  2  0  
1.98785e-16  0  0.0512  2  0  
1.98785e-16  0  0.09375  2  0  
1.98785e-16  0  0.1512  2  0  
1.98785e-16  0  0.22295  2  0  
1.98785e-16  0  0.3072  2  0  
1.98785e-16  0  0.40095  2  0  
1.98785e-16  0  0.5  2  0  
1.98785e-16  0  0.6  2  0  
1.98785e-16  0  0.7  2  0  
1.98785e-16  0  0.8  2  0  
1.98785e-16  0  0.9  2  0  
1.98785e-16  0  1  2  0  
1.98785e-16  0  1.1  2  0  
1.98785e-16  0  1.2  2  0  
1.98785e-16  0  1.3  2  0  
1.98785e-16  0  1.4  2  0  
1.98785e-16  0  1.5  2  0  
1.98785e-16  0  1.59905  2  0  
1.98785e-16  0  1.6928  2  0  
1.98785e-16  0  1.77705  2  0  
1.98785e-16  0  1.8488  2  0  
1.98785e-16  0  1.90625  2  0  
1.98785e-16  0  1.9488  2  0  
1.98785e-16  0  1.97705  2  0  
1.98785e-16  0  1.9928  2  0  
1.98785e-16  0  1.99905  2  0  
1.98785e-16  0  2  2  0  
theta3m
1.98785e-16  0  2  2  0  
1.98785e-16  0  1.99905  2  0  
1.98785e-16  0  1.9928  2  0  
1.98785e-16  0  1.97705  2  0  
1.98785e-16  0  1.9488  2  0  
1.98785e-16  0  1.90625  2  0  
1.98785e-16  0  1.8488  2  0  
1.98785e-16  0  1.77705  2  0  
1.98785e-16  0  1.6928  2  0  
1.98785e-16  0  1.59905  2  0  
1.98785e-16  0  1.5  2  0  
1.98785e-16  0  1.4  2  0  
1.98785e-16  0  1.3  2  0  
1.98785e-16  0  1.2  2  0  
1.98785e-16  0  1.1  2  0  
1.98785e-16  0  1  2  0  
1.98785e-16  0  0.9  2  0  
1.98785e-16  0  0.8  2  0  
1.98785e-16  0  0.7  2  0  
1.98785e-16  0  0.6  2  0  
1.98785e-16  0  0.5  2  0  
1.98785e-16  0  0.40095  2  0  
1.98785e-16  0  0.3072  2  0  
1.98785e-16  0  0.22295  2  0  
1.98785e-16  0  0.1512  2  0  
1.98785e-16  0  0.09375  2  0  
1.98785e-16  0  0.0512  2  0  
1.98785e-16  0  0.02295  2  0  
1.98785e-16  0  0.0072  2  0  
1.98785e-16  0  0.00095  2  0  
1.98785e-16  0  1.98785e-16  2  0  
theta4m
1.98785e-16  0  1.98785e-16  2  0  
1.98785e-16  0  1.98785e-16  1.99905  0  
1.98785e-16  0  1.98785e-16  1.9928  0  
1.98785e-16  0  1.98785e-16  1.97705  0  
1.98785e-16  0  1.98785e-16  1.9488  0  
1.98785e-16  0  1.98785e-16  1.90625  0  
1.98785e-16  0  1.98785e-16  1.8488  0  
1.98785e-16  0  1.98785e-16  1.77705  0  
1.98785e-16  0  1.98785e-16  1.6928  0  
1.98785e-16  0  1.98785e-16  1.59905  0  
1.98785e-16  0  1.98785e-16  1.5  0  
1.98785e-16  0  1.98785e-16  1.4  0  
1.98785e-16  0  1.98785e-16  1.3  0  
1.98785e-16  0  1.98785e-16  1.2  0  
1.98785e-16  0  1.98785e-16  1.1  0  
1.98785e-16  0  1.98785e-16  1  0  
1.98785e-16  0  1.98785e-16  0.9  0  
1.98785e-16  0  1.98785e-16  0.8  0  
1.98785e-16  0  1.98785e-16  0.7  0  
1.98785e-16  0  1.98785e-16  0.6  0  
1.98785e-16  0  1.98785e-16  0.5  0  
1.98785e-16  0  1.98785e-16  0.40095  0  
1.98785e-16  0  1.98785e-16  0.3072  0  
1.98785e-16  0  1.98785e-16  0.22295  0  
1.98785e-16  0  1.98785e-16  0.1512  0  
1.98785e-16  0  1.98785e-16  0.09375  0  
1.98785e-16  0  1.98785e-16  0.0512  0  
1.98785e-16  0  1.98785e-16  0.02295  0  
1.98785e-16  0  1.98785e-16  0.0072  0  
1.98785e-16  0  1.98785e-16  0.00095  0  
1.98785e-16  0  1.98785e-16  1.98785e-16  0  
theta6p
1.98785e-16  0  1.98785e-16  1.98785e-16  0  
1.98785e-16  0  1.98785e-16  1.98785e-16  0.00095  
1.98785e-16  0  1.98785e-16  1.98785e-16  0.0072  
1.98785e-16  0  1.98785e-16  1.98785e-16  0.02295  
1.98785e-16  0  1.98785e-16  1.98785e-16  0.0512  
1.98785e-16  0  1.98785e-16  1.98785e-16  0.09375  
1.98785e-16  0  1.98785e-16  1.98785e-16  0.1512  
1.98785e-16  0  1.98785e-16  1.98785e-16  0.22295  
1.98785e-16  0  1.98785e-16  1.98785e-16  0.3072  
1.98785e-16  0  1.98785e-16  1.98785e-16  0.40095  
1.98785e-16  0  1.98785e-16  1.98785e-16  0.5  
1.98785e-16  0  1.98785e-16  1.98785e-16  0.6  
1.98785e-16  0  1.98785e-16  1.98785e-16  0.7  
1.98785e-16  0  1.98785e-16  1.98785e-16  0.8  
1.98785e-16  0  1.98785e-16  1.98785e-16  0.9  
1.98785e-16  0  1.98785e-16  1.98785e-16  1  
1.98785e-16  0  1.98785e-16  1.98785e-16  1.1  
1.98785e-16  0  1.98785e-16  1.98785e-16  1.2  
1.98785e-16  0  1.98785e-16  1.98785e-16  1.3  
1.98785e-16  0  1.98785e-16  1.98785e-16  1.4  
1.98785e-16  0  1.98785e-16  1.98785e-16  1.5  
1.98785e-16  0  1.98785e-16  1.98785e-16  1.59905  
1.98785e-16  0  1.98785e-16  1.98785e-16  1.6928  
1.98785e-16  0  1.98785e-16  1.98785e-16  1.77705  
1.98785e-16  0  1.98785e-16  1.98785e-16  1.8488  
1.98785e-16  0  1.98785e-16  1.98785e-16  1.90625  
1.98785e-16  0  1.98785e-16  1.98785e-16  1.9488  
1.98785e-16  0  1.98785e-16  1.98785e-16  1.97705  
1.98785e-16  0  1.98785e-16  1.98785e-16  1.9928  
1.98785e-16  0  1.98785e-16  1.98785e-16  1.99905  
1.98785e-16  0  1.98785e-16  1.98785e-16  2  
theta6m
1.98785e-16  0  1.98785e-16  1.98785e-16  2  
1.98785e-16  0  1.98785e-16  1.98785e-16  1.99905  
1.98785e-16  0  1.98785e-16  1.98785e-16  1.9928  
1.98785e-16  0  1.98785e-16  1.98785e-16  1.97705  
1.98785e-16  0  1.98785e-16  1.98785e-16  1.9488  
1.98785e-16  0  1.98785e-16  1.98785e-16  1.90625  
1.98785e-16  0  1.98785e-16  1.98785e-16  1.8488  
1.98785e-16  0  1.98785e-16  1.98785e-16  1.77705  
1.98785e-16  0  1.98785e-16  1.98785e-16  1.6928  
1.98785e-16  0  1.98785e-16  1.98785e-16  1.59905  
1.98785e-16  0  1.98785e-16  1.98785e-16  1.5  
1.98785e-16  0  1.98785e-16  1.98785e-16  1.4  
1.98785e-16  0  1.98785e-16  1.98785e-16  1.3  
1.98785e-16  0  1.98785e-16  1.98785e-16  1.2  
1.98785e-16  0  1.98785e-16  1.98785e-16  1.1  
1.98785e-16  0  1.98785e-16  1.98785e-16  1  
1.98785e-16  0  1.98785e-16  1.98785e-16  0.9  
1.98785e-16  0  1.98785e-16  1.98785e-16  0.8  
1.98785e-16  0  1.98785e-16  1.98785e-16  0.7  
1.98785e-16  0  1.98785e-16  1.98785e-16  0.6  
1.98785e-16  0  1.98785e-16  1.98785e-16  0.5  
1.98785e-16  0  1.98785e-16  1.98785e-16  0.40095  
1.98785e-16  0  1.98785e-16  1.98785e-16  0.3072  
1.98785e-16  0  1.98785e-16  1.98785e-16  0.22295  
1.98785e-16  0  1.98785e-16  1.98785e-16  0.1512  
1.98785e-16  0  1.98785e-16  1.98785e-16  0.09375  
1.98785e-16  0  1.98785e-16  1.98785e-16  0.0512  
1.98785e-16  0  1.98785e-16  1.98785e-16  0.02295  
1.98785e-16  0  1.98785e-16  1.98785e-16  0.0072  
1.98785e-16  0  1.98785e-16  1.98785e-16  0.00095  
1.98785e-16  0  1.98785e-16  1.98785e-16  1.98785e-16  
theta6p
1.98785e-16  0  1.98785e-16  1.98785e-16  1.98785e-16  
1.98785e-16  0  1.98785e-16  1.98785e-16  0.00095  
1.98785e-16  0  1.98785e-16  1.98785e-16  0.0072  
1.98785e-16  0  1.98785e-16  1.98785e-16  0.02295  
1.98785e-16  0  1.98785e-16  1.98785e-16  0.0512  
1.98785e-16  0  1.98785e-16  1.98785e-16  0.09375  
1.98785e-16  0  1.98785e-16  1.98785e-16  0.1512  
1.98785e-16  0  1.98785e-16  1.98785e-16  0.22295  
1.98785e-16  0  1.98785e-16  1.98785e-16  0.3072  
1.98785e-16  0  1.98785e-16  1.98785e-16  0.40095  
1.98785e-16  0  1.98785e-16  1.98785e-16  0.5  
1.98785e-16  0  1.98785e-16  1.98785e-16  0.6  
1.98785e-16  0  1.98785e-16  1.98785e-16  0.7  
1.98785e-16  0  1.98785e-16  1.98785e-16  0.8  
1.98785e-16  0  1.98785e-16  1.98785e-16  0.9  
1.98785e-16  0  1.98785e-16  1.98785e-16  1  
1.98785e-16  0  1.98785e-16  1.98785e-16  1.1  
1.98785e-16  0  1.98785e-16  1.98785e-16  1.2  
1.98785e-16  0  1.98785e-16  1.98785e-16  1.3  
1.98785e-16  0  1.98785e-16  1.98785e-16  1.4  
1.98785e-16  0  1.98785e-16  1.98785e-16  1.5  
1.98785e-16  0  1.98785e-16  1.98785e-16  1.59905  
1.98785e-16  0  1.98785e-16  1.98785e-16  1.6928  
1.98785e-16  0  1.98785e-16  1.98785e-16  1.77705  
1.98785e-16  0  1.98785e-16  1.98785e-16  1.8488  
1.98785e-16  0  1.98785e-16  1.98785e-16  1.90625  
1.98785e-16  0  1.98785e-16  1.98785e-16  1.9488  
1.98785e-16  0  1.98785e-16  1.98785e-16  1.97705  
1.98785e-16  0  1.98785e-16  1.98785e-16  1.9928  
1.98785e-16  0  1.98785e-16  1.98785e-16  1.99905  
1.98785e-16  0  1.98785e-16  1.98785e-16  2  
theta6p
1.98785e-16  0  1.98785e-16  1.98785e-16  2  
1.98785e-16  0  1.98785e-16  1.98785e-16  2.00095  
1.98785e-16  0  1.98785e-16  1.98785e-16  2.0072  
1.98785e-16  0  1.98785e-16  1.98785e-16  2.02295  
1.98785e-16  0  1.98785e-16  1.98785e-16  2.0512  
1.98785e-16  0  1.98785e-16  1.98785e-16  2.09375  
1.98785e-16  0  1.98785e-16  1.98785e-16  2.1512  
1.98785e-16  0  1.98785e-16  1.98785e-16  2.22295  
1.98785e-16  0  1.98785e-16  1.98785e-16  2.3072  
1.98785e-16  0  1.98785e-16  1.98785e-16  2.40095  
1.98785e-16  0  1.98785e-16  1.98785e-16  2.5  
1.98785e-16  0  1.98785e-16  1.98785e-16  2.6  
1.98785e-16  0  1.98785e-16  1.98785e-16  2.7  
1.98785e-16  0  1.98785e-16  1.98785e-16  2.8  
1.98785e-16  0  1.98785e-16  1.98785e-16  2.9  
1.98785e-16  0  1.98785e-16  1.98785e-16  3  
1.98785e-16  0  1.98785e-16  1.98785e-16  3.1  
1.98785e-16  0  1.98785e-16  1.98785e-16  3.2  
1.98785e-16  0  1.98785e-16  1.98785e-16  3.3  
1.98785e-16  0  1.98785e-16  1.98785e-16  3.4  
1.98785e-16  0  1.98785e-16  1.98785e-16  3.5  
1.98785e-16  0  1.98785e-16  1.98785e-16  3.59905  
1.98785e-16  0  1.98785e-16  1.98785e-16  3.6928  
1.98785e-16  0  1.98785e-16  1.98785e-16  3.77705  
1.98785e-16  0  1.98785e-16  1.98785e-16  3.8488  
1.98785e-16  0  1.98785e-16  1.98785e-16  3.90625  
1.98785e-16  0  1.98785e-16  1.98785e-16  3.9488  
1.98785e-16  0  1.98785e-16  1.98785e-16  3.97705  
1.98785e-16  0  1.98785e-16  1.98785e-16  3.9928  
1.98785e-16  0  1.98785e-16  1.98785e-16  3.99905  
1.98785e-16  0  1.98785e-16  1.98785e-16  4  
theta6p
1.98785e-16  0  1.98785e-16  1.98785e-16  4  
1.98785e-16  0  1.98785e-16  1.98785e-16  4.00095  
1.98785e-16  0  1.98785e-16  1.98785e-16  4.0072  
1.98785e-16  0  1.98785e-16  1.98785e-16  4.02295  
1.98785e-16  0  1.98785e-16  1.98785e-16  4.0512  
1.98785e-16  0  1.98785e-16  1.98785e-16  4.09375  
1.98785e-16  0  1.98785e-16  1.98785e-16  4.1512  
1.98785e-16  0  1.98785e-16  1.98785e-16  4.22295  
1.98785e-16  0  1.98785e-16  1.98785e-16  4.3072  
1.98785e-16  0  1.98785e-16  1.98785e-16  4.40095  
1.98785e-16  0  1.98785e-16  1.98785e-16  4.5  
1.98785e-16  0  1.98785e-16  1.98785e-16  4.6  
1.98785e-16  0  1.98785e-16  1.98785e-16  4.7  
1.98785e-16  0  1.98785e-16  1.98785e-16  4.8  
1.98785e-16  0  1.98785e-16  1.98785e-16  4.9  
1.98785e-16  0  1.98785e-16  1.98785e-16  5  
1.98785e-16  0  1.98785e-16  1.98785e-16  5.1  
1.98785e-16  0  1.98785e-16  1.98785e-16  5.2  
1.98785e-16  0  1.98785e-16  1.98785e-16  5.3  
1.98785e-16  0  1.98785e-16  1.98785e-16  5.4  
1.98785e-16  0  1.98785e-16  1.98785e-16  5.5  
1.98785e-16  0  1.98785e-16  1.98785e-16  5.59905  
1.98785e-16  0  1.98785e-16  1.98785e-16  5.6928  
1.98785e-16  0  1.98785e-16  1.98785e-16  5.77705  
1.98785e-16  0  1.98785e-16  1.98785e-16  5.8488  
1.98785e-16  0  1.98785e-16  1.98785e-16  5.90625  
1.98785e-16  0  1.98785e-16  1.98785e-16  5.9488  
1.98785e-16  0  1.98785e-16  1.98785e-16  5.97705  
1.98785e-16  0  1.98785e-16  1.98785e-16  5.9928  
1.98785e-16  0  1.98785e-16  1.98785e-16  5.99905  
1.98785e-16  0  1.98785e-16  1.98785e-16  6  
theta6m
1.98785e-16  0  1.98785e-16  1.98785e-16  6  
1.98785e-16  0  1.98785e-16  1.98785e-16  5.99905  
1.98785e-16  0  1.98785e-16  1.98785e-16  5.9928  
1.98785e-16  0  1.98785e-16  1.98785e-16  5.97705  
1.98785e-16  0  1.98785e-16  1.98785e-16  5.9488  
1.98785e-16  0  1.98785e-16  1.98785e-16  5.90625  
1.98785e-16  0  1.98785e-16  1.98785e-16  5.8488  
1.98785e-16  0  1.98785e-16  1.98785e-16  5.77705  
1.98785e-16  0  1.98785e-16  1.98785e-16  5.6928  
1.98785e-16  0  1.98785e-16  1.98785e-16  5.59905  
1.98785e-16  0  1.98785e-16  1.98785e-16  5.5  
1.98785e-16  0  1.98785e-16  1.98785e-16  5.4  
1.98785e-16  0  1.98785e-16  1.98785e-16  5.3  
1.98785e-16  0  1.98785e-16  1.98785e-16  5.2  
1.98785e-16  0  1.98785e-16  1.98785e-16  5.1  
1.98785e-16  0  1.98785e-16  1.98785e-16  5  
1.98785e-16  0  1.98785e-16  1.98785e-16  4.9  
1.98785e-16  0  1.98785e-16  1.98785e-16  4.8  
1.98785e-16  0  1.98785e-16  1.98785e-16  4.7  
1.98785e-16  0  1.98785e-16  1.98785e-16  4.6  
1.98785e-16  0  1.98785e-16  1.98785e-16  4.5  
1.98785e-16  0  1.98785e-16  1.98785e-16  4.40095  
1.98785e-16  0  1.98785e-16  1.98785e-16  4.3072  
1.98785e-16  0  1.98785e-16  1.98785e-16  4.22295  
1.98785e-16  0  1.98785e-16  1.98785e-16  4.1512  
1.98785e-16  0  1.98785e-16  1.98785e-16  4.09375  
1.98785e-16  0  1.98785e-16  1.98785e-16  4.0512  
1.98785e-16  0  1.98785e-16  1.98785e-16  4.02295  
1.98785e-16  0  1.98785e-16  1.98785e-16  4.0072  
1.98785e-16  0  1.98785e-16  1.98785e-16  4.00095  
1.98785e-16  0  1.98785e-16  1.98785e-16  4  
theta6m
1.98785e-16  0  1.98785e-16  1.98785e-16  4  
1.98785e-16  0  1.98785e-16  1.98785e-16  3.99905  
1.98785e-16  0  1.98785e-16  1.98785e-16  3.9928  
1.98785e-16  0  1.98785e-16  1.98785e-16  3.97705  
1.98785e-16  0  1.98785e-16  1.98785e-16  3.9488  
1.98785e-16  0  1.98785e-16  1.98785e-16  3.90625  
1.98785e-16  0  1.98785e-16  1.98785e-16  3.8488  
1.98785e-16  0  1.98785e-16  1.98785e-16  3.77705  
1.98785e-16  0  1.98785e-16  1.98785e-16  3.6928  
1.98785e-16  0  1.98785e-16  1.98785e-16  3.59905  
1.98785e-16  0  1.98785e-16  1.98785e-16  3.5  
1.98785e-16  0  1.98785e-16  1.98785e-16  3.4  
1.98785e-16  0  1.98785e-16  1.98785e-16  3.3  
1.98785e-16  0  1.98785e-16  1.98785e-16  3.2  
1.98785e-16  0  1.98785e-16  1.98785e-16  3.1  
1.98785e-16  0  1.98785e-16  1.98785e-16  3  
1.98785e-16  0  1.98785e-16  1.98785e-16  2.9  
1.98785e-16  0  1.98785e-16  1.98785e-16  2.8  
1.98785e-16  0  1.98785e-16  1.98785e-16  2.7  
1.98785e-16  0  1.98785e-16  1.98785e-16  2.6  
1.98785e-16  0  1.98785e-16  1.98785e-16  2.5  
1.98785e-16  0  1.98785e-16  1.98785e-16  2.40095  
1.98785e-16  0  1.98785e-16  1.98785e-16  2.3072  
1.98785e-16  0  1.98785e-16  1.98785e-16  2.22295  
1.98785e-16  0  1.98785e-16  1.98785e-16  2.1512  
1.98785e-16  0  1.98785e-16  1.98785e-16  2.09375  
1.98785e-16  0  1.98785e-16  1.98785e-16  2.0512  
1.98785e-16  0  1.98785e-16  1.98785e-16  2.02295  
1.98785e-16  0  1.98785e-16  1.98785e-16  2.0072  
1.98785e-16  0  1.98785e-16  1.98785e-16  2.00095  
1.98785e-16  0  1.98785e-16  1.98785e-16  2  
theta6m
1.98785e-16  0  1.98785e-16  1.98785e-16  2  
1.98785e-16  0  1.98785e-16  1.98785e-16  1.99905  
1.98785e-16  0  1.98785e-16  1.98785e-16  1.9928  
1.98785e-16  0  1.98785e-16  1.98785e-16  1.97705  
1.98785e-16  0  1.98785e-16  1.98785e-16  1.9488  
1.98785e-16  0  1.98785e-16  1.98785e-16  1.90625  
1.98785e-16  0  1.98785e-16  1.98785e-16  1.8488  
1.98785e-16  0  1.98785e-16  1.98785e-16  1.77705  
1.98785e-16  0  1.98785e-16  1.98785e-16  1.6928  
1.98785e-16  0  1.98785e-16  1.98785e-16  1.59905  
1.98785e-16  0  1.98785e-16  1.98785e-16  1.5  
1.98785e-16  0  1.98785e-16  1.98785e-16  1.4  
1.98785e-16  0  1.98785e-16  1.98785e-16  1.3  
1.98785e-16  0  1.98785e-16  1.98785e-16  1.2  
1.98785e-16  0  1.98785e-16  1.98785e-16  1.1  
1.98785e-16  0  1.98785e-16  1.98785e-16  1  
1.98785e-16  0  1.98785e-16  1.98785e-16  0.9  
1.98785e-16  0  1.98785e-16  1.98785e-16  0.8  
1.98785e-16  0  1.98785e-16  1.98785e-16  0.7  
1.98785e-16  0  1.98785e-16  1.98785e-16  0.6  
1.98785e-16  0  1.98785e-16  1.98785e-16  0.5  
1.98785e-16  0  1.98785e-16  1.98785e-16  0.40095  
1.98785e-16  0  1.98785e-16  1.98785e-16  0.3072  
1.98785e-16  0  1.98785e-16  1.98785e-16  0.22295  
1.98785e-16  0  1.98785e-16  1.98785e-16  0.1512  
1.98785e-16  0  1.98785e-16  1.98785e-16  0.09375  
1.98785e-16  0  1.98785e-16  1.98785e-16  0.0512  
1.98785e-16  0  1.98785e-16  1.98785e-16  0.02295  
1.98785e-16  0  1.98785e-16  1.98785e-16  0.0072  
1.98785e-16  0  1.98785e-16  1.98785e-16  0.00095  
1.98785e-16  0  1.98785e-16  1.98785e-16  5.96354e-16  
theta3p
1.98785e-16  0  1.98785e-16  1.98785e-16  5.96354e-16  
1.98785e-16  0  0.00095  1.98785e-16  5.96354e-16  
1.98785e-16  0  0.0072  1.98785e-16  5.96354e-16  
1.98785e-16  0  0.02295  1.98785e-16  5.96354e-16  
1.98785e-16  0  0.0512  1.98785e-16  5.96354e-16  
1.98785e-16  0  0.09375  1.98785e-16  5.96354e-16  
1.98785e-16  0  0.1512  1.98785e-16  5.96354e-16  
1.98785e-16  0  0.22295  1.98785e-16  5.96354e-16  
1.98785e-16  0  0.3072  1.98785e-16  5.96354e-16  
1.98785e-16  0  0.40095  1.98785e-16  5.96354e-16  
1.98785e-16  0  0.5  1.98785e-16  5.96354e-16  
1.98785e-16  0  0.6  1.98785e-16  5.96354e-16  
1.98785e-16  0  0.7  1.98785e-16  5.96354e-16  
1.98785e-16  0  0.8  1.98785e-16  5.96354e-16  
1.98785e-16  0  0.9  1.98785e-16  5.96354e-16  
1.98785e-16  0  1  1.98785e-16  5.96354e-16  
1.98785e-16  0  1.1  1.98785e-16  5.96354e-16  
1.98785e-16  0  1.2  1.98785e-16  5.96354e-16  
1.98785e-16  0  1.3  1.98785e-16  5.96354e-16  
1.98785e-16  0  1.4  1.98785e-16  5.96354e-16  
1.98785e-16  0  1.5  1.98785e-16  5.96354e-16  
1.98785e-16  0  1.59905  1.98785e-16  5.96354e-16  
1.98785e-16  0  1.6928  1.98785e-16  5.96354e-16  
1.98785e-16  0  1.77705  1.98785e-16  5.96354e-16  
1.98785e-16  0  1.8488  1.98785e-16  5.96354e-16  
1.98785e-16  0  1.90625  1.98785e-16  5.96354e-16  
1.98785e-16  0  1.9488  1.98785e-16  5.96354e-16  
1.98785e-16  0  1.97705  1.98785e-16  5.96354e-16  
1.98785e-16  0  1.9928  1.98785e-16  5.96354e-16  
1.98785e-16  0  1.99905  1.98785e-16  5.96354e-16  
1.98785e-16  0  2  1.98785e-16  5.96354e-16  
theta3p
1.98785e-16  0  2  1.98785e-16  5.96354e-16  
1.98785e-16  0  2.00095  1.98785e-16  5.96354e-16  
1.98785e-16  0  2.0072  1.98785e-16  5.96354e-16  
1.98785e-16  0  2.02295  1.98785e-16  5.96354e-16  
1.98785e-16  0  2.0512  1.98785e-16  5.96354e-16  
1.98785e-16  0  2.09375  1.98785e-16  5.96354e-16  
1.98785e-16  0  2.1512  1.98785e-16  5.96354e-16  
1.98785e-16  0  2.22295  1.98785e-16  5.96354e-16  
1.98785e-16  0  2.3072  1.98785e-16  5.96354e-16  
1.98785e-16  0  2.40095  1.98785e-16  5.96354e-16  
1.98785e-16  0  2.5  1.98785e-16  5.96354e-16  
1.98785e-16  0  2.6  1.98785e-16  5.96354e-16  
1.98785e-16  0  2.7  1.98785e-16  5.96354e-16  
1.98785e-16  0  2.8  1.98785e-16  5.96354e-16  
1.98785e-16  0  2.9  1.98785e-16  5.96354e-16  
1.98785e-16  0  3  1.98785e-16  5.96354e-16  
1.98785e-16  0  3.1  1.98785e-16  5.96354e-16  
1.98785e-16  0  3.2  1.98785e-16  5.96354e-16  
1.98785e-16  0  3.3  1.98785e-16  5.96354e-16  
1.98785e-16  0  3.4  1.98785e-16  5.96354e-16  
1.98785e-16  0  3.5  1.98785e-16  5.96354e-16  
1.98785e-16  0  3.59905  1.98785e-16  5.96354e-16  
1.98785e-16  0  3.6928  1.98785e-16  5.96354e-16  
1.98785e-16  0  3.77705  1.98785e-16  5.96354e-16  
1.98785e-16  0  3.8488  1.98785e-16  5.96354e-16  
1.98785e-16  0  3.90625  1.98785e-16  5.96354e-16  
1.98785e-16  0  3.9488  1.98785e-16  5.96354e-16  
1.98785e-16  0  3.97705  1.98785e-16  5.96354e-16  
1.98785e-16  0  3.9928  1.98785e-16  5.96354e-16  
1.98785e-16  0  3.99905  1.98785e-16  5.96354e-16  
1.98785e-16  0  4  1.98785e-16  5.96354e-16  
theta3p
1.98785e-16  0  4  1.98785e-16  5.96354e-16  
1.98785e-16  0  4.00095  1.98785e-16  5.96354e-16  
1.98785e-16  0  4.0072  1.98785e-16  5.96354e-16  
1.98785e-16  0  4.02295  1.98785e-16  5.96354e-16  
1.98785e-16  0  4.0512  1.98785e-16  5.96354e-16  
1.98785e-16  0  4.09375  1.98785e-16  5.96354e-16  
1.98785e-16  0  4.1512  1.98785e-16  5.96354e-16  
1.98785e-16  0  4.22295  1.98785e-16  5.96354e-16  
1.98785e-16  0  4.3072  1.98785e-16  5.96354e-16  
1.98785e-16  0  4.40095  1.98785e-16  5.96354e-16  
1.98785e-16  0  4.5  1.98785e-16  5.96354e-16  
1.98785e-16  0  4.6  1.98785e-16  5.96354e-16  
1.98785e-16  0  4.7  1.98785e-16  5.96354e-16  
1.98785e-16  0  4.8  1.98785e-16  5.96354e-16  
1.98785e-16  0  4.9  1.98785e-16  5.96354e-16  
1.98785e-16  0  5  1.98785e-16  5.96354e-16  
1.98785e-16  0  5.1  1.98785e-16  5.96354e-16  
1.98785e-16  0  5.2  1.98785e-16  5.96354e-16  
1.98785e-16  0  5.3  1.98785e-16  5.96354e-16  
1.98785e-16  0  5.4  1.98785e-16  5.96354e-16  
1.98785e-16  0  5.5  1.98785e-16  5.96354e-16  
1.98785e-16  0  5.59905  1.98785e-16  5.96354e-16  
1.98785e-16  0  5.6928  1.98785e-16  5.96354e-16  
1.98785e-16  0  5.77705  1.98785e-16  5.96354e-16  
1.98785e-16  0  5.8488  1.98785e-16  5.96354e-16  
1.98785e-16  0  5.90625  1.98785e-16  5.96354e-16  
1.98785e-16  0  5.9488  1.98785e-16  5.96354e-16  
1.98785e-16  0  5.97705  1.98785e-16  5.96354e-16  
1.98785e-16  0  5.9928  1.98785e-16  5.96354e-16  
1.98785e-16  0  5.99905  1.98785e-16  5.96354e-16  
1.98785e-16  0  6  1.98785e-16  5.96354e-16  
theta3p
1.98785e-16  0  6  1.98785e-16  5.96354e-16  
1.98785e-16  0  6.00095  1.98785e-16  5.96354e-16  
1.98785e-16  0  6.0072  1.98785e-16  5.96354e-16  
1.98785e-16  0  6.02295  1.98785e-16  5.96354e-16  
1.98785e-16  0  6.0512  1.98785e-16  5.96354e-16  
1.98785e-16  0  6.09375  1.98785e-16  5.96354e-16  
1.98785e-16  0  6.1512  1.98785e-16  5.96354e-16  
1.98785e-16  0  6.22295  1.98785e-16  5.96354e-16  
1.98785e-16  0  6.3072  1.98785e-16  5.96354e-16  
1.98785e-16  0  6.40095  1.98785e-16  5.96354e-16  
1.98785e-16  0  6.5  1.98785e-16  5.96354e-16  
1.98785e-16  0  6.6  1.98785e-16  5.96354e-16  
1.98785e-16  0  6.7  1.98785e-16  5.96354e-16  
1.98785e-16  0  6.8  1.98785e-16  5.96354e-16  
1.98785e-16  0  6.9  1.98785e-16  5.96354e-16  
1.98785e-16  0  7  1.98785e-16  5.96354e-16  
1.98785e-16  0  7.1  1.98785e-16  5.96354e-16  
1.98785e-16  0  7.2  1.98785e-16  5.96354e-16  
1.98785e-16  0  7.3  1.98785e-16  5.96354e-16  
1.98785e-16  0  7.4  1.98785e-16  5.96354e-16  
1.98785e-16  0  7.5  1.98785e-16  5.96354e-16  
1.98785e-16  0  7.59905  1.98785e-16  5.96354e-16  
1.98785e-16  0  7.6928  1.98785e-16  5.96354e-16  
1.98785e-16  0  7.77705  1.98785e-16  5.96354e-16  
1.98785e-16  0  7.8488  1.98785e-16  5.96354e-16  
1.98785e-16  0  7.90625  1.98785e-16  5.96354e-16  
1.98785e-16  0  7.9488  1.98785e-16  5.96354e-16  
1.98785e-16  0  7.97705  1.98785e-16  5.96354e-16  
1.98785e-16  0  7.9928  1.98785e-16  5.96354e-16  
1.98785e-16  0  7.99905  1.98785e-16  5.96354e-16  
1.98785e-16  0  8  1.98785e-16  5.96354e-16  
theta3p
1.98785e-16  0  8  1.98785e-16  5.96354e-16  
1.98785e-16  0  8.00095  1.98785e-16  5.96354e-16  
1.98785e-16  0  8.0072  1.98785e-16  5.96354e-16  
1.98785e-16  0  8.02295  1.98785e-16  5.96354e-16  
1.98785e-16  0  8.0512  1.98785e-16  5.96354e-16  
1.98785e-16  0  8.09375  1.98785e-16  5.96354e-16  
1.98785e-16  0  8.1512  1.98785e-16  5.96354e-16  
1.98785e-16  0  8.22295  1.98785e-16  5.96354e-16  
1.98785e-16  0  8.3072  1.98785e-16  5.96354e-16  
1.98785e-16  0  8.40095  1.98785e-16  5.96354e-16  
1.98785e-16  0  8.5  1.98785e-16  5.96354e-16  
1.98785e-16  0  8.6  1.98785e-16  5.96354e-16  
1.98785e-16  0  8.7  1.98785e-16  5.96354e-16  
1.98785e-16  0  8.8  1.98785e-16  5.96354e-16  
1.98785e-16  0  8.9  1.98785e-16  5.96354e-16  
1.98785e-16  0  9  1.98785e-16  5.96354e-16  
1.98785e-16  0  9.1  1.98785e-16  5.96354e-16  
1.98785e-16  0  9.2  1.98785e-16  5.96354e-16  
1.98785e-16  0  9.3  1.98785e-16  5.96354e-16  
1.98785e-16  0  9.4  1.98785e-16  5.96354e-16  
1.98785e-16  0  9.5  1.98785e-16  5.96354e-16  
1.98785e-16  0  9.59905  1.98785e-16  5.96354e-16  
1.98785e-16  0  9.6928  1.98785e-16  5.96354e-16  
1.98785e-16  0  9.77705  1.98785e-16  5.96354e-16  
1.98785e-16  0  9.8488  1.98785e-16  5.96354e-16  
1.98785e-16  0  9.90625  1.98785e-16  5.96354e-16  
1.98785e-16  0  9.9488  1.98785e-16  5.96354e-16  
1.98785e-16  0  9.97705  1.98785e-16  5.96354e-16  
1.98785e-16  0  9.9928  1.98785e-16  5.96354e-16  
1.98785e-16  0  9.99905  1.98785e-16  5.96354e-16  
1.98785e-16  0  10  1.98785e-16  5.96354e-16  
theta3m
1.98785e-16  0  10  1.98785e-16  5.96354e-16  
1.98785e-16  0  9.99905  1.98785e-16  5.96354e-16  
1.98785e-16  0  9.9928  1.98785e-16  5.96354e-16  
1.98785e-16  0  9.97705  1.98785e-16  5.96354e-16  
1.98785e-16  0  9.9488  1.98785e-16  5.96354e-16  
1.98785e-16  0  9.90625  1.98785e-16  5.96354e-16  
1.98785e-16  0  9.8488  1.98785e-16  5.96354e-16  
1.98785e-16  0  9.77705  1.98785e-16  5.96354e-16  
1.98785e-16  0  9.6928  1.98785e-16  5.96354e-16  
1.98785e-16  0  9.59905  1.98785e-16  5.96354e-16  
1.98785e-16  0  9.5  1.98785e-16  5.96354e-16  
1.98785e-16  0  9.4  1.98785e-16  5.96354e-16  
1.98785e-16  0  9.3  1.98785e-16  5.96354e-16  
1.98785e-16  0  9.2  1.98785e-16  5.96354e-16  
1.98785e-16  0  9.1  1.98785e-16  5.96354e-16  
1.98785e-16  0  9  1.98785e-16  5.96354e-16  
1.98785e-16  0  8.9  1.98785e-16  5.96354e-16  
1.98785e-16  0  8.8  1.98785e-16  5.96354e-16  
1.98785e-16  0  8.7  1.98785e-16  5.96354e-16  
1.98785e-16  0  8.6  1.98785e-16  5.96354e-16  
1.98785e-16  0  8.5  1.98785e-16  5.96354e-16  
1.98785e-16  0  8.40095  1.98785e-16  5.96354e-16  
1.98785e-16  0  8.3072  1.98785e-16  5.96354e-16  
1.98785e-16  0  8.22295  1.98785e-16  5.96354e-16  
1.98785e-16  0  8.1512  1.98785e-16  5.96354e-16  
1.98785e-16  0  8.09375  1.98785e-16  5.96354e-16  
1.98785e-16  0  8.0512  1.98785e-16  5.96354e-16  
1.98785e-16  0  8.02295  1.98785e-16  5.96354e-16  
1.98785e-16  0  8.0072  1.98785e-16  5.96354e-16  
1.98785e-16  0  8.00095  1.98785e-16  5.96354e-16  
1.98785e-16  0  8  1.98785e-16  5.96354e-16  
theta3m
1.98785e-16  0  8  1.98785e-16  5.96354e-16  
1.98785e-16  0  7.99905  1.98785e-16  5.96354e-16  
1.98785e-16  0  7.9928  1.98785e-16  5.96354e-16  
1.98785e-16  0  7.97705  1.98785e-16  5.96354e-16  
1.98785e-16  0  7.9488  1.98785e-16  5.96354e-16  
1.98785e-16  0  7.90625  1.98785e-16  5.96354e-16  
1.98785e-16  0  7.8488  1.98785e-16  5.96354e-16  
1.98785e-16  0  7.77705  1.98785e-16  5.96354e-16  
1.98785e-16  0  7.6928  1.98785e-16  5.96354e-16  
1.98785e-16  0  7.59905  1.98785e-16  5.96354e-16  
1.98785e-16  0  7.5  1.98785e-16  5.96354e-16  
1.98785e-16  0  7.4  1.98785e-16  5.96354e-16  
1.98785e-16  0  7.3  1.98785e-16  5.96354e-16  
1.98785e-16  0  7.2  1.98785e-16  5.96354e-16  
1.98785e-16  0  7.1  1.98785e-16  5.96354e-16  
1.98785e-16  0  7  1.98785e-16  5.96354e-16  
1.98785e-16  0  6.9  1.98785e-16  5.96354e-16  
1.98785e-16  0  6.8  1.98785e-16  5.96354e-16  
1.98785e-16  0  6.7  1.98785e-16  5.96354e-16  
1.98785e-16  0  6.6  1.98785e-16  5.96354e-16  
1.98785e-16  0  6.5  1.98785e-16  5.96354e-16  
1.98785e-16  0  6.40095  1.98785e-16  5.96354e-16  
1.98785e-16  0  6.3072  1.98785e-16  5.96354e-16  
1.98785e-16  0  6.22295  1.98785e-16  5.96354e-16  
1.98785e-16  0  6.1512  1.98785e-16  5.96354e-16  
1.98785e-16  0  6.09375  1.98785e-16  5.96354e-16  
1.98785e-16  0  6.0512  1.98785e-16  5.96354e-16  
1.98785e-16  0  6.02295  1.98785e-16  5.96354e-16  
1.98785e-16  0  6.0072  1.98785e-16  5.96354e-16  
1.98785e-16  0  6.00095  1.98785e-16  5.96354e-16  
1.98785e-16  0  6  1.98785e-16  5.96354e-16  
theta3m
1.98785e-16  0  6  1.98785e-16  5.96354e-16  
1.98785e-16  0  5.99905  1.98785e-16  5.96354e-16  
1.98785e-16  0  5.9928  1.98785e-16  5.96354e-16  
1.98785e-16  0  5.97705  1.98785e-16  5.96354e-16  
1.98785e-16  0  5.9488  1.98785e-16  5.96354e-16  
1.98785e-16  0  5.90625  1.98785e-16  5.96354e-16  
1.98785e-16  0  5.8488  1.98785e-16  5.96354e-16  
1.98785e-16  0  5.77705  1.98785e-16  5.96354e-16  
1.98785e-16  0  5.6928  1.98785e-16  5.96354e-16  
1.98785e-16  0  5.59905  1.98785e-16  5.96354e-16  
1.98785e-16  0  5.5  1.98785e-16  5.96354e-16  
1.98785e-16  0  5.4  1.98785e-16  5.96354e-16  
1.98785e-16  0  5.3  1.98785e-16  5.96354e-16  
1.98785e-16  0  5.2  1.98785e-16  5.96354e-16  
1.98785e-16  0  5.1  1.98785e-16  5.96354e-16  
1.98785e-16  0  5  1.98785e-16  5.96354e-16  
1.98785e-16  0  4.9  1.98785e-16  5.96354e-16  
1.98785e-16  0  4.8  1.98785e-16  5.96354e-16  
1.98785e-16  0  4.7  1.98785e-16  5.96354e-16  
1.98785e-16  0  4.6  1.98785e-16  5.96354e-16  
1.98785e-16  0  4.5  1.98785e-16  5.96354e-16  
1.98785e-16  0  4.40095  1.98785e-16  5.96354e-16  
1.98785e-16  0  4.3072  1.98785e-16  5.96354e-16  
1.98785e-16  0  4.22295  1.98785e-16  5.96354e-16  
1.98785e-16  0  4.1512  1.98785e-16  5.96354e-16  
1.98785e-16  0  4.09375  1.98785e-16  5.96354e-16  
1.98785e-16  0  4.0512  1.98785e-16  5.96354e-16  
1.98785e-16  0  4.02295  1.98785e-16  5.96354e-16  
1.98785e-16  0  4.0072  1.98785e-16  5.96354e-16  
1.98785e-16  0  4.00095  1.98785e-16  5.96354e-16  
1.98785e-16  0  4  1.98785e-16  5.96354e-16  
theta3m
1.98785e-16  0  4  1.98785e-16  5.96354e-16  
1.98785e-16  0  3.99905  1.98785e-16  5.96354e-16  
1.98785e-16  0  3.9928  1.98785e-16  5.96354e-16  
1.98785e-16  0  3.97705  1.98785e-16  5.96354e-16  
1.98785e-16  0  3.9488  1.98785e-16  5.96354e-16  
1.98785e-16  0  3.90625  1.98785e-16  5.96354e-16  
1.98785e-16  0  3.8488  1.98785e-16  5.96354e-16  
1.98785e-16  0  3.77705  1.98785e-16  5.96354e-16  
1.98785e-16  0  3.6928  1.98785e-16  5.96354e-16  
1.98785e-16  0  3.59905  1.98785e-16  5.96354e-16  
1.98785e-16  0  3.5  1.98785e-16  5.96354e-16  
1.98785e-16  0  3.4  1.98785e-16  5.96354e-16  
1.98785e-16  0  3.3  1.98785e-16  5.96354e-16  
1.98785e-16  0  3.2  1.98785e-16  5.96354e-16  
1.98785e-16  0  3.1  1.98785e-16  5.96354e-16  
1.98785e-16  0  3  1.98785e-16  5.96354e-16  
1.98785e-16  0  2.9  1.98785e-16  5.96354e-16  
1.98785e-16  0  2.8  1.98785e-16  5.96354e-16  
1.98785e-16  0  2.7  1.98785e-16  5.96354e-16  
1.98785e-16  0  2.6  1.98785e-16  5.96354e-16  
1.98785e-16  0  2.5  1.98785e-16  5.96354e-16  
1.98785e-16  0  2.40095  1.98785e-16  5.96354e-16  
1.98785e-16  0  2.3072  1.98785e-16  5.96354e-16  
1.98785e-16  0  2.22295  1.98785e-16  5.96354e-16  
1.98785e-16  0  2.1512  1.98785e-16  5.96354e-16  
1.98785e-16  0  2.09375  1.98785e-16  5.96354e-16  
1.98785e-16  0  2.0512  1.98785e-16  5.96354e-16  
1.98785e-16  0  2.02295  1.98785e-16  5.96354e-16  
1.98785e-16  0  2.0072  1.98785e-16  5.96354e-16  
1.98785e-16  0  2.00095  1.98785e-16  5.96354e-16  
1.98785e-16  0  2  1.98785e-16  5.96354e-16  
theta3m
1.98785e-16  0  2  1.98785e-16  5.96354e-16  
1.98785e-16  0  1.99905  1.98785e-16  5.96354e-16  
1.98785e-16  0  1.9928  1.98785e-16  5.96354e-16  
1.98785e-16  0  1.97705  1.98785e-16  5.96354e-16  
1.98785e-16  0  1.9488  1.98785e-16  5.96354e-16  
1.98785e-16  0  1.90625  1.98785e-16  5.96354e-16  
1.98785e-16  0  1.8488  1.98785e-16  5.96354e-16  
1.98785e-16  0  1.77705  1.98785e-16  5.96354e-16  
1.98785e-16  0  1.6928  1.98785e-16  5.96354e-16  
1.98785e-16  0  1.59905  1.98785e-16  5.96354e-16  
1.98785e-16  0  1.5  1.98785e-16  5.96354e-16  
1.98785e-16  0  1.4  1.98785e-16  5.96354e-16  
1.98785e-16  0  1.3  1.98785e-16  5.96354e-16  
1.98785e-16  0  1.2  1.98785e-16  5.96354e-16  
1.98785e-16  0  1.1  1.98785e-16  5.96354e-16  
1.98785e-16  0  1  1.98785e-16  5.96354e-16  
1.98785e-16  0  0.9  1.98785e-16  5.96354e-16  
1.98785e-16  0  0.8  1.98785e-16  5.96354e-16  
1.98785e-16  0  0.7  1.98785e-16  5.96354e-16  
1.98785e-16  0  0.6  1.98785e-16  5.96354e-16  
1.98785e-16  0  0.5  1.98785e-16  5.96354e-16  
1.98785e-16  0  0.40095  1.98785e-16  5.96354e-16  
1.98785e-16  0  0.3072  1.98785e-16  5.96354e-16  
1.98785e-16  0  0.22295  1.98785e-16  5.96354e-16  
1.98785e-16  0  0.1512  1.98785e-16  5.96354e-16  
1.98785e-16  0  0.09375  1.98785e-16  5.96354e-16  
1.98785e-16  0  0.0512  1.98785e-16  5.96354e-16  
1.98785e-16  0  0.02295  1.98785e-16  5.96354e-16  
1.98785e-16  0  0.0072  1.98785e-16  5.96354e-16  
1.98785e-16  0  0.00095  1.98785e-16  5.96354e-16  
1.98785e-16  0  2.18663e-15  1.98785e-16  5.96354e-16  
theta2p
1.98785e-16  0  2.18663e-15  1.98785e-16  5.96354e-16  
1.98785e-16  0.00095  2.18663e-15  1.98785e-16  5.96354e-16  
1.98785e-16  0.0072  2.18663e-15  1.98785e-16  5.96354e-16  
1.98785e-16  0.02295  2.18663e-15  1.98785e-16  5.96354e-16  
1.98785e-16  0.0512  2.18663e-15  1.98785e-16  5.96354e-16  
1.98785e-16  0.09375  2.18663e-15  1.98785e-16  5.96354e-16  
1.98785e-16  0.1512  2.18663e-15  1.98785e-16  5.96354e-16  
1.98785e-16  0.22295  2.18663e-15  1.98785e-16  5.96354e-16  
1.98785e-16  0.3072  2.18663e-15  1.98785e-16  5.96354e-16  
1.98785e-16  0.40095  2.18663e-15  1.98785e-16  5.96354e-16  
1.98785e-16  0.5  2.18663e-15  1.98785e-16  5.96354e-16  
1.98785e-16  0.6  2.18663e-15  1.98785e-16  5.96354e-16  
1.98785e-16  0.7  2.18663e-15  1.98785e-16  5.96354e-16  
1.98785e-16  0.8  2.18663e-15  1.98785e-16  5.96354e-16  
1.98785e-16  0.9  2.18663e-15  1.98785e-16  5.96354e-16  
1.98785e-16  1  2.18663e-15  1.98785e-16  5.96354e-16  
1.98785e-16  1.1  2.18663e-15  1.98785e-16  5.96354e-16  
1.98785e-16  1.2  2.18663e-15  1.98785e-16  5.96354e-16  
1.98785e-16  1.3  2.18663e-15  1.98785e-16  5.96354e-16  
1.98785e-16  1.4  2.18663e-15  1.98785e-16  5.96354e-16  
1.98785e-16  1.5  2.18663e-15  1.98785e-16  5.96354e-16  
1.98785e-16  1.59905  2.18663e-15  1.98785e-16  5.96354e-16  
1.98785e-16  1.6928  2.18663e-15  1.98785e-16  5.96354e-16  
1.98785e-16  1.77705  2.18663e-15  1.98785e-16  5.96354e-16  
1.98785e-16  1.8488  2.18663e-15  1.98785e-16  5.96354e-16  
1.98785e-16  1.90625  2.18663e-15  1.98785e-16  5.96354e-16  
1.98785e-16  1.9488  2.18663e-15  1.98785e-16  5.96354e-16  
1.98785e-16  1.97705  2.18663e-15  1.98785e-16  5.96354e-16  
1.98785e-16  1.9928  2.18663e-15  1.98785e-16  5.96354e-16  
1.98785e-16  1.99905  2.18663e-15  1.98785e-16  5.96354e-16  
1.98785e-16  2  2.18663e-15  1.98785e-16  5.96354e-16  
theta2p
1.98785e-16  2  2.18663e-15  1.98785e-16  5.96354e-16  
1.98785e-16  2.00095  2.18663e-15  1.98785e-16  5.96354e-16  
1.98785e-16  2.0072  2.18663e-15  1.98785e-16  5.96354e-16  
1.98785e-16  2.02295  2.18663e-15  1.98785e-16  5.96354e-16  
1.98785e-16  2.0512  2.18663e-15  1.98785e-16  5.96354e-16  
1.98785e-16  2.09375  2.18663e-15  1.98785e-16  5.96354e-16  
1.98785e-16  2.1512  2.18663e-15  1.98785e-16  5.96354e-16  
1.98785e-16  2.22295  2.18663e-15  1.98785e-16  5.96354e-16  
1.98785e-16  2.3072  2.18663e-15  1.98785e-16  5.96354e-16  
1.98785e-16  2.40095  2.18663e-15  1.98785e-16  5.96354e-16  
1.98785e-16  2.5  2.18663e-15  1.98785e-16  5.96354e-16  
1.98785e-16  2.6  2.18663e-15  1.98785e-16  5.96354e-16  
1.98785e-16  2.7  2.18663e-15  1.98785e-16  5.96354e-16  
1.98785e-16  2.8  2.18663e-15  1.98785e-16  5.96354e-16  
1.98785e-16  2.9  2.18663e-15  1.98785e-16  5.96354e-16  
1.98785e-16  3  2.18663e-15  1.98785e-16  5.96354e-16  
1.98785e-16  3.1  2.18663e-15  1.98785e-16  5.96354e-16  
1.98785e-16  3.2  2.18663e-15  1.98785e-16  5.96354e-16  
1.98785e-16  3.3  2.18663e-15  1.98785e-16  5.96354e-16  
1.98785e-16  3.4  2.18663e-15  1.98785e-16  5.96354e-16  
1.98785e-16  3.5  2.18663e-15  1.98785e-16  5.96354e-16  
1.98785e-16  3.59905  2.18663e-15  1.98785e-16  5.96354e-16  
1.98785e-16  3.6928  2.18663e-15  1.98785e-16  5.96354e-16  
1.98785e-16  3.77705  2.18663e-15  1.98785e-16  5.96354e-16  
1.98785e-16  3.8488  2.18663e-15  1.98785e-16  5.96354e-16  
1.98785e-16  3.90625  2.18663e-15  1.98785e-16  5.96354e-16  
1.98785e-16  3.9488  2.18663e-15  1.98785e-16  5.96354e-16  
1.98785e-16  3.97705  2.18663e-15  1.98785e-16  5.96354e-16  
1.98785e-16  3.9928  2.18663e-15  1.98785e-16  5.96354e-16  
1.98785e-16  3.99905  2.18663e-15  1.98785e-16  5.96354e-16  
1.98785e-16  4  2.18663e-15  1.98785e-16  5.96354e-16  
theta2p
1.98785e-16  4  2.18663e-15  1.98785e-16  5.96354e-16  
1.98785e-16  4.00095  2.18663e-15  1.98785e-16  5.96354e-16  
1.98785e-16  4.0072  2.18663e-15  1.98785e-16  5.96354e-16  
1.98785e-16  4.02295  2.18663e-15  1.98785e-16  5.96354e-16  
1.98785e-16  4.0512  2.18663e-15  1.98785e-16  5.96354e-16  
1.98785e-16  4.09375  2.18663e-15  1.98785e-16  5.96354e-16  
1.98785e-16  4.1512  2.18663e-15  1.98785e-16  5.96354e-16  
1.98785e-16  4.22295  2.18663e-15  1.98785e-16  5.96354e-16  
1.98785e-16  4.3072  2.18663e-15  1.98785e-16  5.96354e-16  
1.98785e-16  4.40095  2.18663e-15  1.98785e-16  5.96354e-16  
1.98785e-16  4.5  2.18663e-15  1.98785e-16  5.96354e-16  
1.98785e-16  4.6  2.18663e-15  1.98785e-16  5.96354e-16  
1.98785e-16  4.7  2.18663e-15  1.98785e-16  5.96354e-16  
1.98785e-16  4.8  2.18663e-15  1.98785e-16  5.96354e-16  
1.98785e-16  4.9  2.18663e-15  1.98785e-16  5.96354e-16  
1.98785e-16  5  2.18663e-15  1.98785e-16  5.96354e-16  
1.98785e-16  5.1  2.18663e-15  1.98785e-16  5.96354e-16  
1.98785e-16  5.2  2.18663e-15  1.98785e-16  5.96354e-16  
1.98785e-16  5.3  2.18663e-15  1.98785e-16  5.96354e-16  
1.98785e-16  5.4  2.18663e-15  1.98785e-16  5.96354e-16  
1.98785e-16  5.5  2.18663e-15  1.98785e-16  5.96354e-16  
1.98785e-16  5.59905  2.18663e-15  1.98785e-16  5.96354e-16  
1.98785e-16  5.6928  2.18663e-15  1.98785e-16  5.96354e-16  
1.98785e-16  5.77705  2.18663e-15  1.98785e-16  5.96354e-16  
1.98785e-16  5.8488  2.18663e-15  1.98785e-16  5.96354e-16  
1.98785e-16  5.90625  2.18663e-15  1.98785e-16  5.96354e-16  
1.98785e-16  5.9488  2.18663e-15  1.98785e-16  5.96354e-16  
1.98785e-16  5.97705  2.18663e-15  1.98785e-16  5.96354e-16  
1.98785e-16  5.9928  2.18663e-15  1.98785e-16  5.96354e-16  
1.98785e-16  5.99905  2.18663e-15  1.98785e-16  5.96354e-16  
1.98785e-16  6  2.18663e-15  1.98785e-16  5.96354e-16  
theta2p
1.98785e-16  6  2.18663e-15  1.98785e-16  5.96354e-16  
1.98785e-16  6.00095  2.18663e-15  1.98785e-16  5.96354e-16  
1.98785e-16  6.0072  2.18663e-15  1.98785e-16  5.96354e-16  
1.98785e-16  6.02295  2.18663e-15  1.98785e-16  5.96354e-16  
1.98785e-16  6.0512  2.18663e-15  1.98785e-16  5.96354e-16  
1.98785e-16  6.09375  2.18663e-15  1.98785e-16  5.96354e-16  
1.98785e-16  6.1512  2.18663e-15  1.98785e-16  5.96354e-16  
1.98785e-16  6.22295  2.18663e-15  1.98785e-16  5.96354e-16  
1.98785e-16  6.3072  2.18663e-15  1.98785e-16  5.96354e-16  
1.98785e-16  6.40095  2.18663e-15  1.98785e-16  5.96354e-16  
1.98785e-16  6.5  2.18663e-15  1.98785e-16  5.96354e-16  
1.98785e-16  6.6  2.18663e-15  1.98785e-16  5.96354e-16  
1.98785e-16  6.7  2.18663e-15  1.98785e-16  5.96354e-16  
1.98785e-16  6.8  2.18663e-15  1.98785e-16  5.96354e-16  
1.98785e-16  6.9  2.18663e-15  1.98785e-16  5.96354e-16  
1.98785e-16  7  2.18663e-15  1.98785e-16  5.96354e-16  
1.98785e-16  7.1  2.18663e-15  1.98785e-16  5.96354e-16  
1.98785e-16  7.2  2.18663e-15  1.98785e-16  5.96354e-16  
1.98785e-16  7.3  2.18663e-15  1.98785e-16  5.96354e-16  
1.98785e-16  7.4  2.18663e-15  1.98785e-16  5.96354e-16  
1.98785e-16  7.5  2.18663e-15  1.98785e-16  5.96354e-16  
1.98785e-16  7.59905  2.18663e-15  1.98785e-16  5.96354e-16  
1.98785e-16  7.6928  2.18663e-15  1.98785e-16  5.96354e-16  
1.98785e-16  7.77705  2.18663e-15  1.98785e-16  5.96354e-16  
1.98785e-16  7.8488  2.18663e-15  1.98785e-16  5.96354e-16  
1.98785e-16  7.90625  2.18663e-15  1.98785e-16  5.96354e-16  
1.98785e-16  7.9488  2.18663e-15  1.98785e-16  5.96354e-16  
1.98785e-16  7.97705  2.18663e-15  1.98785e-16  5.96354e-16  
1.98785e-16  7.9928  2.18663e-15  1.98785e-16  5.96354e-16  
1.98785e-16  7.99905  2.18663e-15  1.98785e-16  5.96354e-16  
1.98785e-16  8  2.18663e-15  1.98785e-16  5.96354e-16  
theta2p
1.98785e-16  8  2.18663e-15  1.98785e-16  5.96354e-16  
1.98785e-16  8.00095  2.18663e-15  1.98785e-16  5.96354e-16  
1.98785e-16  8.0072  2.18663e-15  1.98785e-16  5.96354e-16  
1.98785e-16  8.02295  2.18663e-15  1.98785e-16  5.96354e-16  
1.98785e-16  8.0512  2.18663e-15  1.98785e-16  5.96354e-16  
1.98785e-16  8.09375  2.18663e-15  1.98785e-16  5.96354e-16  
1.98785e-16  8.1512  2.18663e-15  1.98785e-16  5.96354e-16  
1.98785e-16  8.22295  2.18663e-15  1.98785e-16  5.96354e-16  
1.98785e-16  8.3072  2.18663e-15  1.98785e-16  5.96354e-16  
1.98785e-16  8.40095  2.18663e-15  1.98785e-16  5.96354e-16  
1.98785e-16  8.5  2.18663e-15  1.98785e-16  5.96354e-16  
1.98785e-16  8.6  2.18663e-15  1.98785e-16  5.96354e-16  
1.98785e-16  8.7  2.18663e-15  1.98785e-16  5.96354e-16  
1.98785e-16  8.8  2.18663e-15  1.98785e-16  5.96354e-16  
1.98785e-16  8.9  2.18663e-15  1.98785e-16  5.96354e-16  
1.98785e-16  9  2.18663e-15  1.98785e-16  5.96354e-16  
1.98785e-16  9.1  2.18663e-15  1.98785e-16  5.96354e-16  
1.98785e-16  9.2  2.18663e-15  1.98785e-16  5.96354e-16  
1.98785e-16  9.3  2.18663e-15  1.98785e-16  5.96354e-16  
1.98785e-16  9.4  2.18663e-15  1.98785e-16  5.96354e-16  
1.98785e-16  9.5  2.18663e-15  1.98785e-16  5.96354e-16  
1.98785e-16  9.59905  2.18663e-15  1.98785e-16  5.96354e-16  
1.98785e-16  9.6928  2.18663e-15  1.98785e-16  5.96354e-16  
1.98785e-16  9.77705  2.18663e-15  1.98785e-16  5.96354e-16  
1.98785e-16  9.8488  2.18663e-15  1.98785e-16  5.96354e-16  
1.98785e-16  9.90625  2.18663e-15  1.98785e-16  5.96354e-16  
1.98785e-16  9.9488  2.18663e-15  1.98785e-16  5.96354e-16  
1.98785e-16  9.97705  2.18663e-15  1.98785e-16  5.96354e-16  
1.98785e-16  9.9928  2.18663e-15  1.98785e-16  5.96354e-16  
1.98785e-16  9.99905  2.18663e-15  1.98785e-16  5.96354e-16  
1.98785e-16  10  2.18663e-15  1.98785e-16  5.96354e-16  
theta2m
1.98785e-16  10  2.18663e-15  1.98785e-16  5.96354e-16  
1.98785e-16  9.99905  2.18663e-15  1.98785e-16  5.96354e-16  
1.98785e-16  9.9928  2.18663e-15  1.98785e-16  5.96354e-16  
1.98785e-16  9.97705  2.18663e-15  1.98785e-16  5.96354e-16  
1.98785e-16  9.9488  2.18663e-15  1.98785e-16  5.96354e-16  
1.98785e-16  9.90625  2.18663e-15  1.98785e-16  5.96354e-16  
1.98785e-16  9.8488  2.18663e-15  1.98785e-16  5.96354e-16  
1.98785e-16  9.77705  2.18663e-15  1.98785e-16  5.96354e-16  
1.98785e-16  9.6928  2.18663e-15  1.98785e-16  5.96354e-16  
1.98785e-16  9.59905  2.18663e-15  1.98785e-16  5.96354e-16  
1.98785e-16  9.5  2.18663e-15  1.98785e-16  5.96354e-16  
1.98785e-16  9.4  2.18663e-15  1.98785e-16  5.96354e-16  
1.98785e-16  9.3  2.18663e-15  1.98785e-16  5.96354e-16  
1.98785e-16  9.2  2.18663e-15  1.98785e-16  5.96354e-16  
1.98785e-16  9.1  2.18663e-15  1.98785e-16  5.96354e-16  
1.98785e-16  9  2.18663e-15  1.98785e-16  5.96354e-16  
1.98785e-16  8.9  2.18663e-15  1.98785e-16  5.96354e-16  
1.98785e-16  8.8  2.18663e-15  1.98785e-16  5.96354e-16  
1.98785e-16  8.7  2.18663e-15  1.98785e-16  5.96354e-16  
1.98785e-16  8.6  2.18663e-15  1.98785e-16  5.96354e-16  
1.98785e-16  8.5  2.18663e-15  1.98785e-16  5.96354e-16  
1.98785e-16  8.40095  2.18663e-15  1.98785e-16  5.96354e-16  
1.98785e-16  8.3072  2.18663e-15  1.98785e-16  5.96354e-16  
1.98785e-16  8.22295  2.18663e-15  1.98785e-16  5.96354e-16  
1.98785e-16  8.1512  2.18663e-15  1.98785e-16  5.96354e-16  
1.98785e-16  8.09375  2.18663e-15  1.98785e-16  5.96354e-16  
1.98785e-16  8.0512  2.18663e-15  1.98785e-16  5.96354e-16  
1.98785e-16  8.02295  2.18663e-15  1.98785e-16  5.96354e-16  
1.98785e-16  8.0072  2.18663e-15  1.98785e-16  5.96354e-16  
1.98785e-16  8.00095  2.18663e-15  1.98785e-16  5.96354e-16  
1.98785e-16  8  2.18663e-15  1.98785e-16  5.96354e-16  
theta2m
1.98785e-16  8  2.18663e-15  1.98785e-16  5.96354e-16  
1.98785e-16  7.99905  2.18663e-15  1.98785e-16  5.96354e-16  
1.98785e-16  7.9928  2.18663e-15  1.98785e-16  5.96354e-16  
1.98785e-16  7.97705  2.18663e-15  1.98785e-16  5.96354e-16  
1.98785e-16  7.9488  2.18663e-15  1.98785e-16  5.96354e-16  
1.98785e-16  7.90625  2.18663e-15  1.98785e-16  5.96354e-16  
1.98785e-16  7.8488  2.18663e-15  1.98785e-16  5.96354e-16  
1.98785e-16  7.77705  2.18663e-15  1.98785e-16  5.96354e-16  
1.98785e-16  7.6928  2.18663e-15  1.98785e-16  5.96354e-16  
1.98785e-16  7.59905  2.18663e-15  1.98785e-16  5.96354e-16  
1.98785e-16  7.5  2.18663e-15  1.98785e-16  5.96354e-16  
1.98785e-16  7.4  2.18663e-15  1.98785e-16  5.96354e-16  
1.98785e-16  7.3  2.18663e-15  1.98785e-16  5.96354e-16  
1.98785e-16  7.2  2.18663e-15  1.98785e-16  5.96354e-16  
1.98785e-16  7.1  2.18663e-15  1.98785e-16  5.96354e-16  
1.98785e-16  7  2.18663e-15  1.98785e-16  5.96354e-16  
1.98785e-16  6.9  2.18663e-15  1.98785e-16  5.96354e-16  
1.98785e-16  6.8  2.18663e-15  1.98785e-16  5.96354e-16  
1.98785e-16  6.7  2.18663e-15  1.98785e-16  5.96354e-16  
1.98785e-16  6.6  2.18663e-15  1.98785e-16  5.96354e-16  
1.98785e-16  6.5  2.18663e-15  1.98785e-16  5.96354e-16  
1.98785e-16  6.40095  2.18663e-15  1.98785e-16  5.96354e-16  
1.98785e-16  6.3072  2.18663e-15  1.98785e-16  5.96354e-16  
1.98785e-16  6.22295  2.18663e-15  1.98785e-16  5.96354e-16  
1.98785e-16  6.1512  2.18663e-15  1.98785e-16  5.96354e-16  
1.98785e-16  6.09375  2.18663e-15  1.98785e-16  5.96354e-16  
1.98785e-16  6.0512  2.18663e-15  1.98785e-16  5.96354e-16  
1.98785e-16  6.02295  2.18663e-15  1.98785e-16  5.96354e-16  
1.98785e-16  6.0072  2.18663e-15  1.98785e-16  5.96354e-16  
1.98785e-16  6.00095  2.18663e-15  1.98785e-16  5.96354e-16  
1.98785e-16  6  2.18663e-15  1.98785e-16  5.96354e-16  
theta2m
1.98785e-16  6  2.18663e-15  1.98785e-16  5.96354e-16  
1.98785e-16  5.99905  2.18663e-15  1.98785e-16  5.96354e-16  
1.98785e-16  5.9928  2.18663e-15  1.98785e-16  5.96354e-16  
1.98785e-16  5.97705  2.18663e-15  1.98785e-16  5.96354e-16  
1.98785e-16  5.9488  2.18663e-15  1.98785e-16  5.96354e-16  
1.98785e-16  5.90625  2.18663e-15  1.98785e-16  5.96354e-16  
1.98785e-16  5.8488  2.18663e-15  1.98785e-16  5.96354e-16  
1.98785e-16  5.77705  2.18663e-15  1.98785e-16  5.96354e-16  
1.98785e-16  5.6928  2.18663e-15  1.98785e-16  5.96354e-16  
1.98785e-16  5.59905  2.18663e-15  1.98785e-16  5.96354e-16  
1.98785e-16  5.5  2.18663e-15  1.98785e-16  5.96354e-16  
1.98785e-16  5.4  2.18663e-15  1.98785e-16  5.96354e-16  
1.98785e-16  5.3  2.18663e-15  1.98785e-16  5.96354e-16  
1.98785e-16  5.2  2.18663e-15  1.98785e-16  5.96354e-16  
1.98785e-16  5.1  2.18663e-15  1.98785e-16  5.96354e-16  
1.98785e-16  5  2.18663e-15  1.98785e-16  5.96354e-16  
1.98785e-16  4.9  2.18663e-15  1.98785e-16  5.96354e-16  
1.98785e-16  4.8  2.18663e-15  1.98785e-16  5.96354e-16  
1.98785e-16  4.7  2.18663e-15  1.98785e-16  5.96354e-16  
1.98785e-16  4.6  2.18663e-15  1.98785e-16  5.96354e-16  
1.98785e-16  4.5  2.18663e-15  1.98785e-16  5.96354e-16  
1.98785e-16  4.40095  2.18663e-15  1.98785e-16  5.96354e-16  
1.98785e-16  4.3072  2.18663e-15  1.98785e-16  5.96354e-16  
1.98785e-16  4.22295  2.18663e-15  1.98785e-16  5.96354e-16  
1.98785e-16  4.1512  2.18663e-15  1.98785e-16  5.96354e-16  
1.98785e-16  4.09375  2.18663e-15  1.98785e-16  5.96354e-16  
1.98785e-16  4.0512  2.18663e-15  1.98785e-16  5.96354e-16  
1.98785e-16  4.02295  2.18663e-15  1.98785e-16  5.96354e-16  
1.98785e-16  4.0072  2.18663e-15  1.98785e-16  5.96354e-16  
1.98785e-16  4.00095  2.18663e-15  1.98785e-16  5.96354e-16  
1.98785e-16  4  2.18663e-15  1.98785e-16  5.96354e-16  
theta2m
1.98785e-16  4  2.18663e-15  1.98785e-16  5.96354e-16  
1.98785e-16  3.99905  2.18663e-15  1.98785e-16  5.96354e-16  
1.98785e-16  3.9928  2.18663e-15  1.98785e-16  5.96354e-16  
1.98785e-16  3.97705  2.18663e-15  1.98785e-16  5.96354e-16  
1.98785e-16  3.9488  2.18663e-15  1.98785e-16  5.96354e-16  
1.98785e-16  3.90625  2.18663e-15  1.98785e-16  5.96354e-16  
1.98785e-16  3.8488  2.18663e-15  1.98785e-16  5.96354e-16  
1.98785e-16  3.77705  2.18663e-15  1.98785e-16  5.96354e-16  
1.98785e-16  3.6928  2.18663e-15  1.98785e-16  5.96354e-16  
1.98785e-16  3.59905  2.18663e-15  1.98785e-16  5.96354e-16  
1.98785e-16  3.5  2.18663e-15  1.98785e-16  5.96354e-16  
1.98785e-16  3.4  2.18663e-15  1.98785e-16  5.96354e-16  
1.98785e-16  3.3  2.18663e-15  1.98785e-16  5.96354e-16  
1.98785e-16  3.2  2.18663e-15  1.98785e-16  5.96354e-16  
1.98785e-16  3.1  2.18663e-15  1.98785e-16  5.96354e-16  
1.98785e-16  3  2.18663e-15  1.98785e-16  5.96354e-16  
1.98785e-16  2.9  2.18663e-15  1.98785e-16  5.96354e-16  
1.98785e-16  2.8  2.18663e-15  1.98785e-16  5.96354e-16  
1.98785e-16  2.7  2.18663e-15  1.98785e-16  5.96354e-16  
1.98785e-16  2.6  2.18663e-15  1.98785e-16  5.96354e-16  
1.98785e-16  2.5  2.18663e-15  1.98785e-16  5.96354e-16  
1.98785e-16  2.40095  2.18663e-15  1.98785e-16  5.96354e-16  
1.98785e-16  2.3072  2.18663e-15  1.98785e-16  5.96354e-16  
1.98785e-16  2.22295  2.18663e-15  1.98785e-16  5.96354e-16  
1.98785e-16  2.1512  2.18663e-15  1.98785e-16  5.96354e-16  
1.98785e-16  2.09375  2.18663e-15  1.98785e-16  5.96354e-16  
1.98785e-16  2.0512  2.18663e-15  1.98785e-16  5.96354e-16  
1.98785e-16  2.02295  2.18663e-15  1.98785e-16  5.96354e-16  
1.98785e-16  2.0072  2.18663e-15  1.98785e-16  5.96354e-16  
1.98785e-16  2.00095  2.18663e-15  1.98785e-16  5.96354e-16  
1.98785e-16  2  2.18663e-15  1.98785e-16  5.96354e-16  
theta2m
1.98785e-16  2  2.18663e-15  1.98785e-16  5.96354e-16  
1.98785e-16  1.99905  2.18663e-15  1.98785e-16  5.96354e-16  
1.98785e-16  1.9928  2.18663e-15  1.98785e-16  5.96354e-16  
1.98785e-16  1.97705  2.18663e-15  1.98785e-16  5.96354e-16  
1.98785e-16  1.9488  2.18663e-15  1.98785e-16  5.96354e-16  
1.98785e-16  1.90625  2.18663e-15  1.98785e-16  5.96354e-16  
1.98785e-16  1.8488  2.18663e-15  1.98785e-16  5.96354e-16  
1.98785e-16  1.77705  2.18663e-15  1.98785e-16  5.96354e-16  
1.98785e-16  1.6928  2.18663e-15  1.98785e-16  5.96354e-16  
1.98785e-16  1.59905  2.18663e-15  1.98785e-16  5.96354e-16  
1.98785e-16  1.5  2.18663e-15  1.98785e-16  5.96354e-16  
1.98785e-16  1.4  2.18663e-15  1.98785e-16  5.96354e-16  
1.98785e-16  1.3  2.18663e-15  1.98785e-16  5.96354e-16  
1.98785e-16  1.2  2.18663e-15  1.98785e-16  5.96354e-16  
1.98785e-16  1.1  2.18663e-15  1.98785e-16  5.96354e-16  
1.98785e-16  1  2.18663e-15  1.98785e-16  5.96354e-16  
1.98785e-16  0.9  2.18663e-15  1.98785e-16  5.96354e-16  
1.98785e-16  0.8  2.18663e-15  1.98785e-16  5.96354e-16  
1.98785e-16  0.7  2.18663e-15  1.98785e-16  5.96354e-16  
1.98785e-16  0.6  2.18663e-15  1.98785e-16  5.96354e-16  
1.98785e-16  0.5  2.18663e-15  1.98785e-16  5.96354e-16  
1.98785e-16  0.40095  2.18663e-15  1.98785e-16  5.96354e-16  
1.98785e-16  0.3072  2.18663e-15  1.98785e-16  5.96354e-16  
1.98785e-16  0.22295  2.18663e-15  1.98785e-16  5.96354e-16  
1.98785e-16  0.1512  2.18663e-15  1.98785e-16  5.96354e-16  
1.98785e-16  0.09375  2.18663e-15  1.98785e-16  5.96354e-16  
1.98785e-16  0.0512  2.18663e-15  1.98785e-16  5.96354e-16  
1.98785e-16  0.02295  2.18663e-15  1.98785e-16  5.96354e-16  
1.98785e-16  0.0072  2.18663e-15  1.98785e-16  5.96354e-16  
1.98785e-16  0.00095  2.18663e-15  1.98785e-16  5.96354e-16  
1.98785e-16  0  2.18663e-15  1.98785e-16  5.96354e-16  
